{
    "acc": 0.6905487804878049,
    "precision": 0.6589147286821705,
    "recall": 0.3483606557377049,
    "f1_score": 0.45576407506702415
}