{
    "acc": 0.6890243902439024,
    "precision": 0.6538461538461539,
    "recall": 0.3483606557377049,
    "f1_score": 0.45454545454545453
}